VALOR_LECTURA
9.2
7.100000000000004
9.700000000000001
6.900000000000004
6.100000000000003
4.5
7.400000000000001
5.900000000000002
6.300000000000001
4.399999999999999
5.999999999999998
9.699999999999998
7.900000000000001
9.200000000000006
9.800000000000008
9.700000000000008
9.900000000000013
9.20000000000001
10.600000000000005
9.700000000000003
9.90000000000001
9.900000000000006
9.800000000000004
9.000000000000004
6.999999999999993
5.899999999999994
6.899999999999992
8.299999999999999
8.299999999999994
6.799999999999988
6.799999999999985
8.699999999999987
9.399999999999993
7.199999999999996
8.8
7.299999999999997
6.999999999999995
9.799999999999994
5.999999999999994
8.899999999999997
5.1
7.2
8.799999999999999
9.8
6.800000000000002
5.799999999999999
3.699999999999994
5.699999999999993
4.899999999999991
6.699999999999987
9.299999999999986
10.699999999999983
8.89999999999999
9.29999999999999
5.899999999999988
8.999999999999979
7.299999999999989
7.199999999999996
9.09999999999999
5.599999999999991
9.29999999999999
6.999999999999991
9.899999999999993
4.499999999999995
9.299999999999992
7.8999999999999915
3.8999999999999906
3.9999999999999933
6.399999999999993
6.599999999999996
9.7
9.5
6.900000000000002
4.9
5.899999999999997
7.7999999999999945
10.399999999999995
4.5999999999999925
3.5999999999999956
5.299999999999989
6.799999999999985
9.799999999999983
9.699999999999985
9.899999999999984
4.799999999999981
6.499999999999983
6.399999999999985
7.799999999999982
7.09999999999998
7.69999999999999
11.599999999999985
9.899999999999986
9.799999999999981
8.599999999999977
5.599999999999975
7.099999999999976
5.99999999999998
5.89999999999998
4.299999999999983
5.699999999999986
8.399999999999984
10.799999999999985
4.899999999999984
4.599999999999983
6.299999999999984
6.699999999999982
5.599999999999986
4.699999999999988
6.599999999999984
5.1999999999999815
5.699999999999984
7.899999999999984
9.099999999999984
6.999999999999989
8.399999999999991
5.699999999999991
8.29999999999999
5.899999999999991
8.799999999999986
9.599999999999987
9.799999999999988
9.399999999999988
7.399999999999984
7.1999999999999895
8.299999999999997
7.199999999999998
4.299999999999995
8.099999999999993
6.799999999999994
6.699999999999993
9.199999999999985
8.499999999999984
7.999999999999987
4.099999999999986
5.9999999999999885
7.599999999999989
4.499999999999991
8.999999999999998
8.600000000000001
4.800000000000002
6.399999999999997
6.399999999999998
5.2
7.700000000000001
8.100000000000003
4.500000000000005
5.9000000000000075
3.8000000000000087
4.000000000000008
8.500000000000007
4.700000000000008
8.100000000000009
9.900000000000011
7.10000000000001
9.50000000000001
6.400000000000017
7.900000000000011
5.700000000000008
6.700000000000006
6.700000000000008
7.300000000000007
9.60000000000001
8.300000000000008
5.4000000000000075
7.300000000000001
5.200000000000004
6.400000000000002
7.6
5.399999999999997
5.499999999999993
8.399999999999993
7.899999999999999
8.3
7.4999999999999964
8.099999999999993
5.499999999999992
8.69999999999999
3.8999999999999924
9.799999999999992
6.599999999999995
5.799999999999999
7.099999999999997
8.699999999999994
7.899999999999994
6.899999999999994
4.199999999999996
5.699999999999996
4.799999999999996
7.799999999999992
9.499999999999991
7.09999999999999
9.799999999999995
9.900000000000002
9.099999999999994
6.099999999999986
5.699999999999988
3.899999999999986
3.699999999999987
5.599999999999987
6.59999999999999
7.099999999999989
5.799999999999989
5.699999999999985
8.199999999999983
7.999999999999981
9.099999999999978
7.79999999999998
6.799999999999978
4.299999999999974
5.899999999999976
6.099999999999973
7.0999999999999694
10.69999999999997
6.399999999999971
3.59999999999997
5.799999999999969
4.799999999999967
6.299999999999969
6.099999999999964
6.699999999999962
5.19999999999996
7.199999999999959
7.599999999999959
9.699999999999962
7.699999999999961
7.999999999999962
4.099999999999962
4.79999999999996
7.199999999999962
7.399999999999965
6.599999999999963
6.299999999999957
5.09999999999995
7.799999999999951
6.799999999999944
7.999999999999944
3.499999999999944
3.5999999999999455
7.299999999999943
4.599999999999945
9.799999999999951
8.999999999999945
7.399999999999946
8.999999999999947
10.49999999999994
10.199999999999932
6.899999999999938
3.4999999999999325
4.399999999999935
4.499999999999932
8.699999999999934
6.099999999999929
6.399999999999933
9.899999999999936
8.599999999999936
8.89999999999994
5.699999999999936
8.399999999999936
8.999999999999932
8.09999999999994
5.999999999999938
7.99999999999994
6.3999999999999435
6.8999999999999435
4.699999999999946
5.4999999999999485
7.299999999999944
7.499999999999943
8.099999999999941
5.899999999999942
4.099999999999945
5.199999999999944
7.699999999999939
9.799999999999935
5.0999999999999375
4.499999999999937
8.399999999999935
4.799999999999932
5.199999999999937
2.999999999999936
8.39999999999993
9.499999999999929
5.69999999999993
9.799999999999931
8.099999999999936
8.299999999999937
3.6999999999999367
4.3999999999999355
3.8999999999999337
5.199999999999937
9.499999999999934
8.699999999999939
5.69999999999994
6.999999999999935
8.299999999999933
8.399999999999931
8.699999999999928
7.79999999999993
6.5999999999999295
8.79999999999993
9.699999999999925
9.899999999999922
9.89999999999992
4.09999999999992
7.4999999999999245
9.299999999999924
4.699999999999923
6.999999999999925
8.29999999999993
7.999999999999929
4.899999999999928
8.79999999999993
8.39999999999993
6.999999999999934
10.199999999999934
9.099999999999937
9.899999999999938
9.899999999999935
10.499999999999927
6.299999999999921
7.999999999999918
6.29999999999992
9.799999999999919
9.199999999999918
9.899999999999917
7.499999999999918
8.299999999999923
7.099999999999919
8.899999999999913
9.599999999999913
7.799999999999905
9.399999999999906
7.999999999999908
9.79999999999991
6.799999999999909
9.899999999999922
5.9999999999999165
4.299999999999917
8.69999999999992
4.599999999999921
4.599999999999921
5.69999999999992
4.9999999999999165
6.099999999999918
9.099999999999921
8.799999999999923
9.599999999999923
6.399999999999926
9.799999999999923
9.699999999999912
9.699999999999905
9.799999999999908
7.299999999999905
7.899999999999905
9.999999999999895
11.499999999999892
9.39999999999989
9.59999999999989
7.499999999999896
7.399999999999897
9.6999999999999
6.999999999999897
7.19999999999989
9.699999999999886
8.599999999999884
8.699999999999878
8.899999999999881
8.89999999999988
9.199999999999873
8.69999999999987
3.1999999999998714
5.59999999999987
5.799999999999868
4.799999999999867
9.099999999999866
6.599999999999868
9.799999999999867
8.79999999999987
9.299999999999867
7.599999999999862
7.499999999999862
9.899999999999862
8.699999999999852
8.599999999999852
9.899999999999846
9.399999999999833
9.399999999999839
9.699999999999841
6.499999999999846
4.899999999999848
10.199999999999841
8.299999999999846
9.199999999999848
9.599999999999856
9.199999999999857
7.1999999999998625
8.099999999999861
9.699999999999863
9.39999999999986
5.199999999999868
7.699999999999869
4.2999999999998675
3.5999999999998673
5.699999999999869
4.199999999999867
9.799999999999867
6.099999999999871
9.899999999999876
8.39999999999987
7.499999999999863
11.099999999999863
7.599999999999863
6.999999999999863
8.299999999999866
6.899999999999862
6.499999999999857
8.599999999999861
6.599999999999861
7.399999999999868
6.699999999999862
9.49999999999986
9.399999999999862
5.799999999999858
9.699999999999857
8.899999999999851
9.89999999999985
8.899999999999839
6.5999999999998336
7.199999999999834
6.699999999999831
5.999999999999831
6.799999999999829
6.399999999999831
7.999999999999829
9.199999999999823
10.099999999999827
5.599999999999827
6.7999999999998195
7.5999999999998185
9.799999999999821
8.19999999999982
7.899999999999821
9.299999999999823
9.899999999999821
11.199999999999823
9.799999999999821
13.19999999999982
9.899999999999821
9.799999999999823
11.199999999999818
9.79999999999982
6.999999999999821
6.899999999999821
7.499999999999815
8.499999999999813
9.799999999999814
8.39999999999982
9.299999999999821
6.899999999999824
11.499999999999819
5.099999999999817
5.09999999999981
7.7999999999998115
6.499999999999816
7.299999999999814
9.499999999999813
8.199999999999815
4.599999999999813
9.699999999999815
9.69999999999982
7.899999999999816
10.299999999999816
7.499999999999815
6.599999999999815
4.79999999999981
6.899999999999807
7.599999999999806
6.8999999999998085
4.699999999999808
6.499999999999807
8.89999999999981
7.39999999999981
6.599999999999804
9.699999999999807
7.59999999999981
6.2999999999998035
6.099999999999807
7.099999999999808
6.099999999999808
9.899999999999803
6.199999999999802
8.999999999999805
7.199999999999804
6.7999999999998035
5.199999999999806
8.099999999999799
6.799999999999796
9.299999999999802
9.19999999999979
9.29999999999979
7.399999999999785
7.599999999999786
6.499999999999787
7.799999999999786
4.599999999999784
4.19999999999979
4.4999999999997895
6.099999999999792
5.999999999999793
8.099999999999797
8.299999999999798
8.699999999999797
6.199999999999803
8.199999999999804
6.199999999999802
5.899999999999801
9.699999999999797
9.699999999999799
9.699999999999791
7.3999999999997925
6.699999999999789
7.4999999999997895
5.999999999999787
4.599999999999787
7.199999999999788
6.999999999999787
7.399999999999784
8.299999999999784
9.199999999999783
8.19999999999978
8.099999999999781
4.19999999999978
3.899999999999781
3.999999999999779
8.599999999999781
5.699999999999777
3.699999999999779
8.499999999999782
3.49999999999978
3.699999999999783
3.799999999999785
6.399999999999777
7.899999999999777
6.799999999999778
3.699999999999778
5.099999999999775
9.599999999999776
9.299999999999775
6.199999999999777
9.89999999999978
8.199999999999777
5.899999999999779
8.499999999999776
7.599999999999777
7.3999999999997765
7.099999999999779
8.399999999999782
9.899999999999778
5.799999999999786
5.599999999999784
5.399999999999788
7.999999999999787
5.399999999999789
4.399999999999788
5.599999999999783
4.099999999999783
7.799999999999783
7.999999999999781
6.999999999999782
6.999999999999782
5.699999999999781
6.499999999999782
6.999999999999782
7.299999999999782
5.599999999999783
3.299999999999783
5.699999999999781
9.899999999999782
7.299999999999787
6.599999999999784
8.69999999999979
6.599999999999792
6.2999999999997955
4.999999999999798
4.3999999999998
4.199999999999801
8.1999999999998
9.1999999999998
9.399999999999796
6.9999999999997815
7.1999999999997755
6.799999999999776
8.499999999999773
8.899999999999771
8.599999999999765
5.899999999999763
6.69999999999976
8.29999999999976
8.199999999999758
6.699999999999755
8.999999999999753
6.1999999999997515
8.099999999999753
4.39999999999975
8.999999999999753
7.299999999999756
8.799999999999757
5.199999999999756
9.899999999999757
9.899999999999755
8.399999999999757
8.29999999999976
9.499999999999762
6.7999999999997645
6.899999999999767
7.399999999999766
5.1999999999997595
8.999999999999757
9.69999999999975
9.699999999999752
6.99999999999975
7.29999999999975
4.399999999999746
4.599999999999746
4.099999999999746
5.699999999999744
6.89999999999975
7.99999999999975
8.19999999999976
5.599999999999755
4.799999999999757
4.899999999999758
7.999999999999755
8.199999999999752
5.49999999999975
7.199999999999751
8.099999999999753
7.699999999999749
7.199999999999751
8.299999999999752
9.19999999999975
9.299999999999754
4.099999999999745
7.999999999999748
7.199999999999752
4.499999999999751
5.699999999999754
7.899999999999752
9.09999999999975
8.69999999999975
3.1999999999997573
9.899999999999748
8.39999999999975
6.699999999999748
7.799999999999747
9.599999999999733
9.099999999999733
8.799999999999738
9.799999999999736
9.799999999999734
10.599999999999733
13.099999999999735
9.899999999999729
7.299999999999718
6.999999999999722
9.499999999999723
9.899999999999714
7.399999999999708
9.499999999999709
9.899999999999705
9.899999999999705
8.399999999999704
9.89999999999971
8.699999999999708
8.199999999999704
5.899999999999701
5.199999999999699
5.799999999999696
6.599999999999697
5.4999999999996945
6.599999999999694
7.299999999999691
6.499999999999693
7.299999999999694
5.899999999999689
6.299999999999693
9.2999999999997
8.599999999999707
7.399999999999717
6.899999999999714
5.89999999999972
9.399999999999716
7.999999999999716
9.099999999999717
8.099999999999712
9.899999999999707
9.899999999999704
5.199999999999705
9.599999999999703
9.6999999999997
8.599999999999703
7.699999999999706
8.899999999999709
7.09999999999971
5.59999999999971
7.199999999999713
8.499999999999723
7.19999999999972
4.999999999999718
7.499999999999719
4.999999999999721
8.899999999999729
12.39999999999973
9.699999999999731
7.199999999999731
9.899999999999736
10.399999999999734
6.999999999999739
6.699999999999738
8.599999999999742
9.49999999999974
10.499999999999751
11.799999999999748
5.1999999999997435
6.599999999999744
7.2999999999997405
7.899999999999744
9.69999999999974
9.999999999999742
4.999999999999742
